2595
1595
80
2294
2113
1229
2293
1242
1939
1435
755
411
2217
1137
1387
1545
741
1169
2373
1753
1604
1373
375
1626
88
472
2424
1638
985
434
700
2501
1608
2484
1017
607
2606
249
1784
526
1963
914
304
806
1605
764
2530
2565
916
537
1707
1123
2170
2479
1125
617
848
1934
2172
533
1060
328
591
1757
2290
1710
433
909
945
1508
1177
1195
536
1772
1842
1319
1932
208
460
1395
1534
408
394
1833
2140
1142
2371
1334
2056
398
2058
2092
695
925
1244
2396
2316
100
1259
1327
683
1819
240
2601
2044
2510
1764
292
1711
953
1675
553
571
2337
894
1210
1802
2388
1477
459
76
219
2399
999
1409
2061
2074
1531
1106
1133
2374
206
214
2567
1664
2165
2235
198
2108
250
843
827
2380
1439
1023
1286
2459
2583
1272
201
2478
2105
1292
462
805
632
1066
950
2
2164
1628
225
2490
1095
333
197
1407
938
2194
1300
2130
1961
456
1356
1959
1927
1428
1240
1386
824
2627
2569
2219
1672
2407
61
261
1641
1151
942
1941
161
2621
184
699
1544
1523
1366
1378
1571
302
845
1209
152
128
1533
1601
1422
448
1491
1765
1454
173
1885
186
813
1430
2011
1403
1950
105
532
1861
2428
548
215
2292
530
2304
1112
1834
1302
1578
2581
137
247
2019
709
724
550
1165
1341
2635
2120
1368
2037
929
934
429
790
74
313
746
710
109
732
2324
168
982
1849
1685
290
2297
779
1200
2599
2091
190
1159
2214
797
676
1118
762
1792
1877
1401
2018
2228
1592
2265
251
951
1440
2488
2487
834
496
2477
234
1612
1100
1392
1642
330
1662
493
322
1938
1655
1786
1074
2440
2159
2485
1602
2243
1841
253
351
1992
264
176
996
187
2032
395
1669
337
688
2406
1670
883
860
964
2473
2138
671
754
2082
1876
1037
2206
1857
154
2602
828
2240
1647
2111
2260
371
815
1410
1046
259
488
2489
2456
2465
574
1846
1056
2041
1050
256
1949
1298
941
2115
649
277
2016
1953
57
1267
285
522
2060
2461
1991
1869
1836
1700
1900
2328
2279
1952
849
1089
294
1072
1064
2423
2237
1027
1713
144
1317
1456
2623
2252
853
2323
1442
1519
22
1631
581
600
2628
602
466
171
223
2597
2213
474
1406
1498
1168
1012
800
1787
1751
2065
44
1671
1970
2169
1116
30
723
260
1696
527
2201
20
1038
1697
255
2078
1505
862
2538
98
2416
1500
1208
1776
1880
332
1233
528
1494
358
855
1336
1024
379
1922
1288
615
1136
1501
2609
798
1391
2053
2361
2007
960
1897
2182
1581
2631
1650
17
1042
847
1635
2578
4
2207
706
431
104
1104
2070
237
2281
1063
388
2035
384
580
1803
377
2135
720
45
1418
231
2311
1140
998
494
2242
397
611
1699
1676
667
737
1715
1596
2095
612
1032
2291
1528
2190
2218
769
130
1835
1263
1185
1353
551
1471
1361
2278
2097
1969
1719
2482
622
696
2239
2550
315
350
2136
334
2580
2332
933
859
1687
284
703
1785
2004
2085
118
575
69
368
230
1457
1926
1360
669
1867
2263
584
18
2499
500
1863
1659
1997
1196
1127
33
1399
923
417
1315
1848
1309
1044
1513
2559
579
2318
1035
932
174
2445
1525
2267
2177
1599
2587
1091
2632
2137
1150
1569
1121
1054
1226
41
1549
412
662
1691
687
675
1649
814
1283
1448
1933
1227
2208
586
1788
1001
385
1737
633
1864
1907
1129
1049
2449
229
1057
200
874
425
1703
1702
1866
593
1484
122
2320
825
636
920
1673
299
38
503
24
1913
2306
163
578
1364
1481
589
1211
501
1769
325
1179
248
2451
1282
2255
990
1138
2202
826
1297
2542
1215
1445
2430
383
1810
759
2232
1346
2273
1343
341
1674
338
1028
148
254
689
2439
1774
760
535
603
965
1891
2539
1790
1653
780
2365
2431
437
404
2047
1452
1527
5
1630
1743
14
2144
2068
1903
492
2596
1616
2433
1607
2507
2269
2184
1547
1906
1092
301
701
183
2036
585
704
1821
1464
64
752
684
613
1214
119
2063
444
396
1827
1789
1398
1887
1717
2615
1482
1656
2363
2090
558
81
691
809
1080
1069
2500
851
1838
140
1256
1354
2248
1102
902
1828
1763
2403
93
2335
406
2438
1727
872
1879
2310
1731
2400
750
1225
2125
29
134
185
1633
1390
1944
2637
236
1568
2326
1553
831
2030
2336
1033
1174
1458
1615
2379
627
2157
1299
1665
1502
543
601
2236
816
91
1851
2183
1455
1582
1652
181
2547
32
1382
139
878
2244
78
1520
1917
52
1910
1171
2351
504
1822
160
2266
1541
2492
77
203
820
2408
281
1823
1020
99
2426
390
1369
2118
756
2391
2025
210
270
650
2241
1005
908
1620
1634
511
1859
1086
2463
1875
1153
1460
145
1431
205
2069
246
1899
2286
170
1781
1603
638
765
1973
794
1750
2564
1384
1041
2277
2498
1252
733
2483
1497
1542
1271
291
465
2042
1644
1704
1761
1191
978
2604
2480
2272
604
989
1134
1143
2329
1516
40
606
507
1536
1167
445
1572
2314
1120
1096
1746
1184
1942
1375
1261
1090
1107
1000
2532
534
1
1807
2447
1623
2197
1126
1507
1809
467
518
1767
312
2394
840
1421
1936
12
16
400
2378
1911
1847
2081
2152
66
879
721
2114
129
1379
912
1234
373
943
2126
1212
13
39
2171
331
1588
1762
1188
2356
1280
2023
31
904
1228
2537
1287
355
692
2576
1892
1839
1597
2533
1698
1349
1043
369
1716
1550
2618
1062
436
2288
1515
2589
1365
888
435
1506
1538
981
360
1139
772
1812
761
2518
2315
2148
1794
2544
832
2460
269
2626
1742
1030
1956
82
804
2059
893
90
1424
698
1908
994
106
1981
1296
595
619
2071
889
2339
2312
2441
598
995
940
1640
552
656
735
1931
2414
2001
2168
693
189
1636
1036
939
1338
829
2506
67
1799
2574
2284
782
1521
890
936
784
1909
2556
949
2603
565
2150
1022
123
2422
1207
2079
850
306
2198
2262
967
1329
793
1108
2481
2366
311
25
1423
644
1660
1393
2013
1894
863
2401
1320
616
2180
875
1993
1466
222
416
1178
1291
2598
787
2357
2412
8
605
1087
1756
1852
2458
869
221
1216
1629
884
2605
984
749
652
1890
2127
1995
508
65
43
640
1388
1321
2153
1563
1509
1617
1128
1331
293
980
155
2189
1425
660
1829
1097
2132
672
1585
1658
241
116
483
2376
48
911
983
295
2592
2049
2352
242
2026
344
666
2462
707
2476
935
480
2080
2193
839
1820
1984
1901
2613
1689
1307
473
227
2432
1800
1223
2155
2338
1281
1872
1976
1189
2420
1016
811
392
1194
2561
971
926
620
1682
654
2442
1888
1661
199
1347
1253
1677
1015
599
243
2106
1725
193
182
1546
1274
1609
1797
623
2303
2051
2333
308
2343
1929
2419
75
1680
1996
956
156
1324
818
374
1436
1570
1554
84
646
1474
2121
2568
2330
2549
1073
1450
557
2455
287
1504
2187
1213
2322
937
1198
495
1308
2429
26
1882
42
974
175
402
2185
2038
1400
1051
2551
1681
1408
731
1082
792
1874
169
391
2257
986
2514
1856
51
1583
747
582
913
2300
2611
1363
276
614
560
928
922
70
892
1021
1404
1496
464
1413
0
1735
657
2472
361
1998
1326
726
2110
1559
2271
1805
694
1732
1955
1105
1739
372
419
1266
2268
963
954
213
2123
2072
421
452
1180
430
2109
497
1982
823
2548
2503
2443
1029
1303
1728
2147
648
443
2570
624
1987
1540
1277
1156
778
2521
307
224
1278
102
1663
274
1147
1419
177
2040
1495
268
1780
2129
637
773
2143
2234
348
2636
1463
2353
1342
1574
414
1720
1754
1479
1868
2415
362
1705
1467
2000
1414
441
1468
1472
1600
1651
841
275
1355
1684
226
117
267
1517
2052
2367
2017
690
2495
1804
973
2020
2464
158
376
446
1132
1896
393
2437
403
1826
1048
1881
1873
1071
1560
554
1580
1350
1740
2584
1824
2151
2345
1273
1701
324
1416
2384
1579
126
1377
1514
1420
1295
658
1257
1948
991
1231
1904
329
1470
1075
1884
258
2629
2139
23
915
2227
1537
2142
410
1960
318
1954
2275
1076
1154
1462
83
655
1724
2382
1898
2425
2162
1148
387
587
781
1965
59
2233
1974
1591
803
2474
1453
1144
1986
988
2340
50
1654
2008
962
1294
2027
1232
626
1065
55
629
1632
1339
10
1285
2133
2600
1679
1957
354
2014
1919
1260
167
1817
2545
2210
610
1714
478
852
2383
734
326
1845
881
2634
1552
1459
1348
378
1741
1332
1971
1795
1230
529
320
2028
1539
651
1254
1323
180
2579
1152
439
2229
677
2393
1943
1736
927
2491
1008
807
2523
751
2321
2582
802
1734
1564
2119
1611
1779
2457
367
727
1733
1815
382
861
661
1312
172
1381
2064
1206
2346
1199
28
2098
1940
628
2224
112
310
2607
1182
27
1883
712
1045
498
2392
2409
1796
1832
866
2513
207
641
2048
1878
1446
563
381
317
2289
2009
2012
2283
545
1103
2522
1119
846
179
1304
1925
2494
296
365
2199
885
766
1818
1594
1412
2468
233
2179
1451
245
56
1269
2410
2448
876
1246
1692
1486
2370
1747
1529
966
432
195
783
2223
453
858
2045
1310
1433
719
1678
2166
970
1837
1924
2512
1503
1551
1577
2226
1187
165
135
903
573
2515
2327
1920
1683
238
702
697
639
2386
1844
455
987
1770
1279
35
1622
1245
103
2535
2572
891
856
1099
1825
2398
115
775
300
2493
95
1598
1860
1565
1512
1610
2313
2509
799
415
583
2450
919
1830
2444
1337
992
1275
1322
664
2546
948
202
958
401
924
188
568
1098
1389
1808
2010
1958
1487
743
2107
1758
2158
2610
36
142
854
2554
1990
1749
288
424
86
1238
2372
955
1914
370
97
1370
357
92
901
413
2256
835
1197
2175
2622
305
2617
289
1694
1589
1709
2355
1624
1061
282
1759
1473
1444
1983
740
2418
1205
1161
621
745
681
1284
609
9
738
60
2563
2307
2624
2230
1124
1372
567
72
2529
2389
2195
2075
673
753
53
2192
907
1937
125
718
1994
2571
138
2577
1014
73
1979
1745
1313
2519
2387
463
2525
819
389
149
2282
121
1221
618
572
736
2452
546
1236
842
900
757
1518
252
1695
1115
540
2124
244
2436
2334
977
665
87
1548
541
2086
1951
895
1478
817
1094
353
1584
1889
178
2308
239
2614
2471
1009
1566
2067
159
1068
164
132
2186
2270
502
625
1289
1059
1915
538
2220
961
523
975
1175
1367
642
85
1039
1437
1018
959
2134
969
96
1255
2057
870
336
1643
592
1964
366
2073
2558
830
62
1557
2099
2354
2050
1666
562
21
2331
897
484
1359
1333
1010
2586
37
1492
1989
2434
272
1966
742
2359
2076
364
898
19
2421
2299
2496
490
192
549
1078
1773
2594
1013
1176
2364
1975
1806
668
2203
686
2046
708
2397
2405
2196
2103
314
107
1945
1988
1556
886
1270
1511
1567
1614
2154
2560
131
577
1249
1222
2033
405
739
918
2062
1916
